0.345848703364444
0.30916811615723
0.33237297949417
0.332350009816807
0.28993665005748
0.386895264516065
0.344153026866488
0.316746446190454
0.325997014215148
0.288996890291102
0.28640188412153
0.287269310372778
0.317085720910209
0.302810082497778
0.30811829273101
0.304731465473209
0.280610430098883
0.32988109839468
0.328973777793467
0.284723878079566
0.316781251474822
0.285648047518282
0.313111150703971
0.320545412348399
0.297000009041909
0.340488441342467
0.311936819599019
0.300388233107476
0.279460193969073
0.313869484531447
0.381786424382208
0.295633132162604
0.343188314262473
0.334513621671835
0.383459795822851
0.317394066823994
0.366964541887628
0.396836208284476
0.407056271589192
0.369484992384188
0.4056854245477
0.510978762737035
0.391534836483119
0.309554608959341
0.325292514290534
0.391900200042561
0.313743035744226
0.32631236724334
0.279504446434606
0.303360271473669
0.358877500565797
0.340690952751993
0.336101155320484
0.305228463541606
0.319140367151444
0.30595075917461
0.38714629087369
0.409619196464296
0.292712447895699
0.285491128180553
0.378924163714826
0.303583176587753
0.410263697691045
0.337801597053472
0.480057938963364
0.511445967879564
0.372664883852196
0.527771997486474
0.333467857964568
0.495457540537746
0.306278201207731
0.655271927936816
0.571887820583663
0.314427156672409
0.649233704721555
0.28281950919842
0.645253782886662
0.479731609043577
0.367185435210725
0.485996111940143
0.346890386083325
0.568735896834618
0.37314784443025
0.580157557736285
0.574359572875872
0.63964040305428
0.723170985042878
0.676077190968962
0.361677483832827
0.353716762293362
0.732086712034919
0.323231423960175
0.820307087404939
0.750733514236121
0.52689109977407
0.324317518541419
0.837577519535883
0.310358623983094
0.909217822139098
0.831014888885166
0.355071047057305
0.996219319230491
0.301116712584177
0.90025445107588
0.305479017038377
0.966794263131843
0.323742457033148
0.896030090691731
0.416281619086906
0.879094392710789
0.434854060530014
0.883474238063752
0.468471618365895
0.846268140659599
0.454396635730774
0.795926498352349
0.394697566048559
0.770003942649821
0.424922746331517
0.709924687425831
0.48584788153369
0.337890438442052
0.800175096178343
0.819318235517762
0.361813519345002
0.749742149344175
0.342502000624989
0.347092874065565
0.83294793031309
0.621172829427641
0.406424126562781
0.660334952215054
0.360369870849191
0.687158744353948
0.752662730474675
0.747482884724702
0.730247738136822
0.807303802480694
0.71413840965517
0.317802588752891
0.294063620499418
0.316245958206028
0.843493440457198
0.722149310091077
0.676115343941571
0.453715026540582
0.404636827437839
0.478389023755772
0.811230268382464
0.766201304095191
0.654699923900339
0.441806865009407
0.288049677269846
0.44726979619873
0.636921642505502
0.598069770476694
0.599842823947269
0.526808918769461
0.540558066810503
0.368848744817053
0.692697891358617
0.722738738751231
0.411522802762867
0.593618148742142
0.390910517217094
0.551618293957223
0.542632791790947
0.591533445934055
0.498604936258622
0.53675914170344
0.344465250862306
0.472178272883384
0.522453246128018
0.517694276964297
0.532491027411878
0.523391675943659
0.581871549632763
0.324897000319775
0.599664676587476
0.617351656338975
0.370816638564718
0.645122247177302
0.481041824282512
0.391774926921659
0.644426563938146
0.383073813032837
0.417726572891215
0.665036244915815
0.59935219928968
0.674463480758813
0.383958186515736
0.387702391827791
0.448426300257716
0.707883849663003
0.735747032029766
0.711141135447102
0.547273150728484
0.554892180157768
0.602160918388968
0.734101189130048
0.824359616366415
0.791141640394939
0.719821944314658
0.685709638949655
0.512138894452672
0.529640474129478
0.536221199600199
0.577966958560101
0.600446760057197
0.877736398702034
0.434059784129591
0.632528283048295
0.657099624591936
0.691684601862994
0.360659834692227
0.55103991045832
0.48702081576107
0.359165935671673
0.523342719228097
0.298037144010632
0.518935956796884
0.277374030448868
0.516515717852331
0.346253279802683
0.36761308732128
0.413993486580736
0.344871525379897
0.447885217731653
0.389616025431057
0.426645472907561
0.272348223341252
0.44094867081564
0.548450029915479
0.365566802757927
0.344751897470317
0.346292352623399
0.327941020366335
