0.282180514427932
0.295105768457874
0.346218222554289
0.309705188870123
0.342895361784682
0.366359654950852
0.287384533152317
0.3209338306389
0.319578255988913
0.40498188988689
0.36873612383469
0.426212191495587
0.380323736735725
0.390991703742852
0.311342093875127
0.439595221446863
0.38491049789601
0.307160667687617
0.290279280442302
0.326957267119541
0.313862549110376
0.364109509587049
0.289303952584651
0.282522323985393
0.298611416677793
0.431146884266512
0.285689099265822
0.366883054184134
0.355759490473681
0.411669619307622
0.261357399977788
0.288400129399708
0.276500352439747
0.27983015104713
0.337075143655793
0.318205363537046
0.358612705178109
0.286806578289136
0.334476029787546
0.316790084636623
0.256699892905471
0.361310185180611
0.412052571967695
0.414187651661524
0.403438317374767
0.456667561755976
0.265605798185213
0.260731320995646
0.538300454850433
0.285078538558271
0.525450895972954
0.375037686968953
0.587468842360448
0.35078183169315
0.424622742359736
0.390055249298687
0.355521933218108
0.325342353391889
0.348734384908678
0.454116925300358
0.328174286627515
0.402323993024968
0.412938447531507
0.304259965558725
0.5105076645851
0.365293832197373
0.554228905667618
0.288984721581728
0.621673377749734
0.382053946675724
0.572819668627217
0.426647964131751
0.602697416583337
0.626542792911656
0.330717835029161
0.680133336847143
0.322779398149932
0.583483111492736
0.561848919925777
0.348502400442321
0.39583304109565
0.386983309359235
0.399357407171276
0.32713164817772
0.288624837887133
0.408100621792546
0.305949956943766
0.263098557591964
0.301675301993646
0.413287461643398
0.429428187696865
0.446611153735575
0.305688983813038
0.251757518076189
0.359404057644924
0.369519353032878
0.354409087009426
0.362752243697434
0.323985284215729
0.329647468049707
0.357662125850935
0.350181206292498
0.352653597230237
0.370019999230493
0.471049618331294
0.427953160768279
0.399198417196966
0.5558649189419
0.340643003347468
0.396716755773677
0.506321030924372
0.560876791413585
0.601169738200474
0.502353365834288
0.628740179973888
0.494014925273116
0.630349547691988
0.443809252205705
0.772811370951759
0.410729642499052
0.736905837381681
0.806073561814048
0.466063401113535
0.374522469002988
0.804543945081184
0.433324056331205
0.701475963082454
0.586746701280355
0.412201250212831
0.382195248656488
0.631818294548273
0.47377003251157
0.619081981860012
0.577370319631904
0.631484036242807
0.485946623410228
0.699416063286369
0.553381872893268
0.592282047182422
0.57057457512914
0.587442278596769
0.519895136510092
0.688718318264251
0.521717689835326
0.73506448688766
0.766423612516134
0.416311832431288
0.683998967219924
0.300422561522669
0.336670928744616
0.693346266771225
0.713148285047503
0.273374209312923
0.725638243929307
0.33890891349311
0.284109358372519
0.294676155106232
0.57803998303571
0.308825864915881
0.274853696688265
0.365850981514529
0.313967069743488
0.290705189559811
0.28992743577884
0.301233743983519
0.343259381002478
0.333679484234342
0.367347676493861
0.426229164985793
0.350660486084084
0.326950375021098
0.322846715819574
0.30905469044338
0.320195348460454
0.367775532488444
0.295532772563538
0.28739283217098
0.377533274820958
0.320647229800275
0.274225209420701
0.433917936498347
0.3170287206453
0.351391526653131
0.331193959577748
0.376263726554652
0.394077946366862
0.414707950503924
0.353221738848026
0.430508795199422
0.496839875537203
0.494562003469849
0.442170158550052
0.48192647219089
0.334671000883318
0.570669787828505
0.336258811139649
0.520937951357787
0.27302741009338
0.361580713704678
0.41778633939427
0.312552093752361
0.295610102469123
0.459795092886976
0.350474836154911
0.390500761761345
0.398620548544168
0.502100608502033
0.346057671807174
0.33304324746096
0.42109018194814
0.439273379824684
0.403192073088116
0.373906183621273
0.297719343922395
0.390944035847454
0.347260934920119
0.332910071136633
0.331568038445187
0.314389616718811
0.358084262105013
0.339611054030167
0.329131764305243
0.304466015007382
