0.292335943163191
0.280016498306967
0.354767196269244
0.311967485519499
0.291642880086219
0.308625827960774
0.314458101010837
0.342032948974593
0.314420477566359
0.322467853619133
0.293067769383043
0.329853688490915
0.302159345845449
0.356441812557759
0.392203979317243
0.397461237960451
0.457341786748538
0.528515262924198
0.4746219006933
0.379316363433375
0.40848468183316
0.459095982701068
0.612998676216887
0.530389978392566
0.516247145391499
0.465540804791209
0.488822682075965
0.546119963282739
0.514645215189802
0.530098347149744
0.315158624641969
0.413047803292459
0.407468418889522
0.317236345236365
0.377460921647385
0.388129305253017
0.424410712194609
0.31749307695061
0.314835391002967
0.313133739060912
0.304971961706994
0.42653173164622
0.379356356817814
0.43034861270161
0.413850504575936
0.418702216664786
0.436928124529094
0.505251101967426
0.556568644955072
0.45268653147281
0.488112548284172
0.613069809656623
0.33732320118727
0.614945286342141
0.640159153844974
0.48686461857829
0.695426905792393
0.643045523396568
0.434804825462281
0.409536179017519
0.590166042382106
0.657093420329987
0.415055710821783
0.353065228458816
0.682080477321684
0.298189634793048
0.647465188342396
0.721195122848048
0.362106098129974
0.406034017591908
0.675135120948703
0.441405607887391
0.580949836649079
0.567935740598113
0.513016181898461
0.600986220065336
0.582213184760756
0.632373017883674
0.696360261322396
0.563439068544097
0.441433659823826
0.43425377994227
0.702319409438174
0.508483370198944
0.716459461572021
0.356497005713702
0.581487956235844
0.590317937315166
0.540750487076092
0.569621062099954
0.473412275470001
0.452657049517552
0.43872107881499
0.397529553394956
0.361135708033941
0.521194147196854
0.400667906672163
0.279220288937672
0.417289920309387
0.346096419242864
0.538597302573025
0.557699124221832
0.346871198332053
0.329843198990539
0.547448160166216
0.655237682168473
0.60191199631724
0.388465258802372
0.401632676580602
0.435587788573639
0.67099531637074
0.629461028524386
0.652884009294928
0.493621885193862
0.41013616075498
0.698299394904661
0.283631205447842
0.655618747674903
0.724480651700216
0.373013408558267
0.376339018027519
0.67928567041527
0.3652834159281
0.679795921822297
0.652655212110461
0.456816041829077
0.515183041531863
0.731547308311669
0.526338973878265
0.666745541928958
0.686104823876684
0.586956298568726
0.523838955589425
0.473055886051764
0.64236812499467
0.699701731496765
0.726039540931087
0.570423356735366
0.510962762404051
0.808582297745915
0.772731001489631
0.370771918437232
0.694307318432831
0.358842576435737
0.343130885858356
0.795366754073724
0.6940651525725
0.356574641882605
0.398921989987588
0.711553611963998
0.466778092305802
0.845722094762063
0.772014228417992
0.453203473693101
0.28402665250163
0.8206209229642
0.300724993146053
0.892919122645716
0.811027173185178
0.863986322721366
0.836540137950856
0.850750685446198
0.267099436080548
0.914307783669368
0.696938885907782
0.537185588248985
0.254144203985859
0.523798962570856
0.350070533518514
0.569303184698748
0.393298639090649
0.297519096943008
0.360412176212666
0.353298087235069
0.299497411270718
0.426853171434512
0.335812080104455
0.547481007331828
0.411122046218191
0.473089580695826
0.485151604877504
0.425503979125644
0.439363335960683
0.30774553027555
0.460518408277794
0.485578049896077
0.345344397313744
0.34643660762541
0.559281837153693
0.394371529541516
0.448581795495911
0.444483532561941
0.43146152036791
0.486022616169707
0.497214067626697
0.480002015432538
0.587968735288364
0.585917356815467
0.464972559909554
0.589777490379712
0.483530860318667
0.316817346097451
0.553222002577631
0.715843478848994
0.311507142925265
0.457789916202779
0.293662832186204
0.461173627059372
0.593494154535874
0.342756946138643
0.309508297664905
0.458475625860768
0.265593326128988
0.405282521446107
0.440413250822788
0.468757831831532
0.399287515550537
0.387596853210072
0.501685048008795
0.526216004401906
0.479843071244447
0.567143800771804
0.395362875439305
0.613309693412026
0.543694449616927
0.354127848446852
0.383494755460207
0.31994555499219
0.328871968182789
0.348272651032442
0.345617445640578
0.310572497027849
0.345954509070394
0.353144588963955
0.412292660820585
0.368096101175356
0.305507672582769
0.325742149313282
0.340670577530849
