0.31364702166902
0.312868279133497
0.310283613404008
0.29252608693783
0.335296283551779
0.372057200428561
0.35978414068938
0.264795604042266
0.314770205124001
0.309038152839996
0.359489335418266
0.358787406549795
0.363542294687498
0.38703662384179
0.31756745725081
0.316444137833414
0.305951321212866
0.316583632668821
0.316951194548386
0.379412657270836
0.359755137159875
0.373406159306203
0.299762286283577
0.342478606140615
0.288599551275108
0.283195099894293
0.304823654468857
0.292611264142976
0.323881707812488
0.325951415038305
0.296377763040468
0.370088036470828
0.280670884905277
0.458070839035991
0.279969627329512
0.419621204300294
0.35525761930755
0.412945865648107
0.459441743045559
0.553060866739244
0.458861201716446
0.478661483872678
0.562767555221474
0.529266592530956
0.497864137518493
0.3434693783349
0.324267190507892
0.348451547641434
0.386727990610444
0.305909741953166
0.373514350227649
0.360922933987731
0.299600175396014
0.301667766944263
0.351513528016741
0.376494724253755
0.337608911467748
0.376527390260032
0.462435761422861
0.395759695403192
0.320300403247617
0.340866914822219
0.303752521675563
0.315575967642037
0.321944576831774
0.365118134742275
0.376115765800451
0.414490106670842
0.424683187109353
0.430831746489164
0.492873211872082
0.554208049507435
0.404877624255679
0.401116128700179
0.524383187352126
0.420500965917073
0.527021628266745
0.353938618377031
0.393824819683534
0.497009520948748
0.333996460917345
0.548049223100385
0.326989609109719
0.364980125207857
0.572221899712844
0.576019371072461
0.63679694015777
0.362587704208602
0.457553853896314
0.717239768051478
0.29104042682264
0.67334121416577
0.320447283946745
0.614302123298481
0.320123959904412
0.6180571068025
0.297595150370543
0.682356639576363
0.484703567578049
0.451360312308681
0.441612593068678
0.298621839102773
0.490885856061236
0.337261725777752
0.627263125745487
0.584226799774791
0.302892140445037
0.314712437247409
0.568273617214093
0.294187376077432
0.305697873243776
0.356562502153463
0.355026459975899
0.352110690506324
0.403616764559985
0.423591528205955
0.427493086365383
0.454566818906981
0.437001754483552
0.410120862887178
0.452523068326665
0.512969590997665
0.566227864860778
0.531462534688483
0.50128055152032
0.57552818561414
0.431365044761266
0.561637982982435
0.422993240601543
0.277016410918393
0.517193326417543
0.298226921478152
0.58079363605862
0.403244368439529
0.499414737603805
0.285233691830443
0.529677231572777
0.345163933197489
0.322302835221981
0.455234781348326
0.340164617062062
0.499563351802027
0.477150803340871
0.32612854406642
0.30166905678484
0.288297838722428
0.336813614416315
0.336530862954318
0.348140375345706
0.347983740197146
0.346767653761312
0.437593025629761
0.458997774329124
0.474661065603552
0.569361875378935
0.540374042081691
0.626670191514076
0.651095838424481
0.738049382372926
0.698291730554172
0.629395598937506
0.79178066642963
0.633839713017402
0.840489747843687
0.883249218261337
0.641956689566438
0.967822573435463
0.703224196395754
1.00463384438324
1.03875370336692
0.569507102418167
0.601797610887459
1.00534540354608
0.56862319401822
1.05736917398294
1.02308826147777
0.511618501976518
0.963475312101719
0.533936589591366
0.46727489774349
0.960389434614629
0.964405232891001
0.539635276842599
1.01149557116902
0.584839048934145
0.349494308104861
0.912650285488613
0.501117944204539
0.416320731073172
0.384039364203916
0.461096729749743
0.508872229819136
0.342455575839583
0.337933220686672
0.312236298284772
0.375694616161519
0.383302295599508
0.310866858722711
0.275363503960964
0.318336322792003
0.30292618939137
0.303622912417246
0.325645540688109
0.267954421868904
0.326037090830134
0.398048000886421
0.301878644361327
0.406819126939574
0.343857161108705
0.355519553055322
0.335498423272977
0.335904605122725
