0.289847203413645
0.299376881038073
0.242012576751558
0.260669372764111
0.289971280765609
0.30923434148831
0.31024966819843
0.329450901697658
0.374003886025593
0.336284303547804
0.446379792177445
0.335423501266627
0.346951409517413
0.346554867263707
0.429815769793682
0.451697980348938
0.352350649490901
0.41563196243014
0.377441585858758
0.357578062030069
0.408104089320651
0.329347285565917
0.343049947370769
0.399596867290338
0.276358772076148
0.314895244139815
0.314855307296556
0.313275828733345
0.308062202812583
0.339487278333179
0.334578137201225
0.415005132558192
0.335721525659384
0.291440104525067
0.35771299063029
0.341257589132436
0.335413300305919
0.35262030165253
0.415428203157808
0.431719366525249
0.451360392305496
0.418337987467836
0.309888347209052
0.28379322798107
0.435157937109668
0.32603096218764
0.364148669821095
0.368075613589518
0.360392013253448
0.45697723513457
0.472956415383363
0.461109297862296
0.47888365588559
0.494323912843521
0.402957663901315
0.4413191370742
0.480746796961518
0.512383963762294
0.418251360064747
0.445110352871045
0.460522824277561
0.425323187242613
0.287530083516348
0.316930175682886
0.370943737496289
0.384199113908625
0.496350956666453
0.495303736677204
0.411105643619245
0.541774355429999
0.398614436934529
0.609984561299041
0.418627548715738
0.606215140304602
0.432377253699838
0.696184187405469
0.530328609013533
0.733319658329216
0.56023860937292
0.779501295827504
0.613782544204403
0.746026962701356
0.683418264358298
0.824576911048851
0.734842846596502
0.822361397090661
0.763549664033199
0.864639507688266
0.846923989288587
0.839816141719268
0.883672363895973
0.873179890023277
0.905144993820643
0.931996304151688
0.975084163326274
0.880479171418983
1.0264374061938
1.02700981145711
0.894614514520031
0.86824632358814
1.15263659906193
0.841309600003651
0.8745692853048
1.11734534631713
1.09937980659555
0.932668356304984
1.16501547380651
0.939099253301622
1.00207888073194
1.23433819799858
1.22676326697533
1.03657819088418
1.24390027484792
1.10849706798338
1.1681597153721
1.16439519434056
1.18294798442322
1.1772591106626
1.16795167742998
1.16806633949827
1.1585278094531
1.14593102093722
1.17411460281803
1.23633706013014
1.23300457541215
1.19476354893826
1.28843001159469
1.23301839668637
1.30431420614925
0.885310785443476
1.32182655962075
0.902853505223661
1.36452753114572
0.992119150585646
1.34037278304435
1.14827844912486
1.05106411950004
1.04203281098738
1.28220671053516
1.20933642812519
1.20143117596393
1.13741670778183
1.1061868358255
1.18908454331875
1.25902536297535
1.2239386218952
1.26218871531805
1.04431623349266
1.18155796851552
1.18596370123048
0.86817352235359
0.831792177379183
1.24723106941162
0.842997833042102
1.17175893827384
1.12555761310673
0.950373959633655
0.978307999355423
1.27887307434225
1.1689033953607
0.949533385653156
0.979404700073053
0.938031183703074
1.03842159271652
0.975924972120608
1.01574155643304
0.948867711270291
1.03607696234253
1.15428769786178
1.14897853888748
0.955199126860837
0.983939342571182
1.13095128219336
1.13398378872291
1.07156683509301
1.12672121740596
1.0708085632972
1.11752476673671
1.12176733405354
1.10159482452236
1.10295238769886
1.15391724855841
1.1617628606391
1.17053344644487
1.1927694079534
0.929432810911502
1.21944385974248
1.10907199189875
1.03601424446931
1.01978599480432
0.82126431215416
0.967958294671499
0.966850388887604
0.992745404198428
0.88256097775874
0.734321558408321
0.932754820409225
0.846623753424092
0.822997690676641
1.01217931039787
0.78019668635829
0.873652261165788
1.00377278895286
1.03264072219718
0.912517756337273
1.15139432757231
0.832506777742037
0.76276662588946
0.824959224154483
0.593202260598943
0.709569171649324
0.799632609821064
0.817984294358281
0.820800012721747
0.599597443998278
0.591262053430165
0.562461804605114
0.886095637666387
0.79778086634165
0.45620729102827
0.894219044033845
0.420612087634311
0.441818924317667
0.959339559561357
0.971819855098791
0.868170117990441
0.32910445772805
0.989285633583052
0.951738298277562
0.965147250617584
0.976825383483407
0.760590018242146
0.860862289407793
0.312197094200693
0.841394990681124
0.637367821787491
0.847181520081335
0.416677158821457
0.679108880043534
0.649907950979784
0.77835553036037
0.52469709439111
0.533050584727416
0.741727082246026
0.804003964161984
0.561357004931791
0.804014658465158
0.540109037559848
0.622068080274866
0.926527233939881
0.968878611744246
0.973666518883867
0.4220121589582
