0.278910223697882
0.286522629043089
0.274614378109583
0.283912110273803
0.372554176512911
0.268058663465008
0.364769001639136
0.307161333119366
0.382592879478986
0.406200738917318
0.464023810844412
0.451955126206593
0.318273440585964
0.309669782302259
0.509189841045841
0.44695750681251
0.318245929396181
0.503604872379621
0.464623768204598
0.351224289134739
0.304403358365114
0.492363579860023
0.396727711210792
0.599683423060585
0.426658594701099
0.523777224950254
0.502949391149786
0.359525040536555
0.364835129713616
0.62616155501605
0.595590086149723
0.662694602291046
0.336401343388295
0.396823019896294
0.738868855092944
0.402166192104457
0.800797960403069
0.716681519896521
0.417394678123518
0.313648615048126
0.817943270072534
0.768086732799935
0.676220029491202
0.315339282719924
0.337143632007334
0.845679178394991
0.331601772097138
0.844717205636413
0.341571949860087
0.878478845216746
0.369033457996673
0.860014171881291
0.788053258405656
0.338775945270098
0.368364791530848
0.755792369428447
0.295978645752843
0.784551131087963
0.91656850393977
0.79603033839851
0.286251301292063
0.285956971191105
0.493007875587588
0.552261146445633
0.271500192850963
0.481326057462634
0.382807255923584
0.398166227086522
0.387810174980658
0.708274716645096
0.605353991994457
0.514430367212085
0.435049839766589
0.492272384052411
0.59032809139352
0.516035971893117
0.456991149794773
0.511453687589105
0.414817700321789
0.387696911807876
0.297518112346371
0.470352639995748
0.330870964104467
0.332542466439299
0.314007370495569
0.275786792815157
0.467339602267523
0.366092357051158
0.345976679899886
0.272474057464657
0.314711292749716
0.314195921983881
0.355729391410623
0.423792141449822
0.431980028133146
0.319790960638894
0.492416212176018
0.363390039858119
0.323954284718572
0.443839289412926
0.328988130533193
0.484394526009934
0.469105847583982
0.47352460787302
0.455351681276836
0.514185242273002
0.507060732265828
0.53464472785165
0.569083611699849
0.612719829752259
0.630060513021877
0.648712796285214
0.579968093021973
0.599497599267994
0.54195738060203
0.549221665859169
0.532431535606309
0.530993251131695
0.459506716949493
0.409815489473649
0.457463660364903
0.450672299183164
0.640459559429198
0.39590619388279
0.567627831015612
0.416543694293012
0.622974130092095
0.348099295340806
0.425769948456192
0.384440654360534
0.476431096267227
0.384568064675032
0.356373305605723
0.350240286177495
0.467310898021465
0.354076444054553
0.483658020491604
0.457688194297437
0.393738308723299
0.428424202471204
0.532939804204753
0.468132316125443
0.497182512375854
0.316593121379507
0.557686647035124
0.525347724946259
0.385450777049744
0.300850725147781
0.340607835904733
0.390369057502735
0.41458648181746
0.399942997005706
0.334176658520829
0.461489782163613
0.472209872581061
0.339351256223363
0.442883570823463
0.343368051554769
0.306235371519404
0.362306616839407
0.422907001798729
0.476114948961145
0.335549073693111
0.283734280891868
0.360416870234763
0.360598594103901
0.363449196532515
0.41730112316119
0.433857773699422
0.358087458361408
0.361268776051278
0.358964804355026
0.362026217965444
0.588384470814863
0.368251641339319
0.463966276771274
0.480431834422044
0.377859750919087
0.390582674390697
0.557495371977359
0.536976131097109
0.343140786956676
0.373282337657911
0.386668955700543
0.392843014671321
0.4647910628499
0.444120563655658
0.50499759940654
0.430717899333445
0.531415966954859
0.409835701765669
0.557943605512386
0.423747046906916
0.650668305036366
0.550908962593333
0.312381373594327
0.32503118433945
0.35000116729689
0.612045795423478
0.588958556249358
0.476596461211036
0.496146902834954
0.388010949326916
0.349653333676132
0.553577239834632
0.570943272619093
0.283463744740722
0.305708345372778
0.32316504297643
0.37630534968606
0.4079308904072
0.346165792450707
0.473971149441202
0.469282788130654
0.362512856872845
0.497757924885669
0.497351448848248
0.332652359544948
0.485158752478682
0.305271067701213
0.553022564223935
0.310041359933612
0.421988111834445
0.433882536803837
0.40457989653175
0.50547645081263
0.5462692437439
0.271745063107579
0.399744740118001
0.59124903379311
0.29328182863437
0.621199397002171
0.410837577569797
0.730498212457897
0.77365348041301
0.742902013214717
0.294897258922784
0.333443821513951
0.591168474735555
0.338555675318844
0.597282907734151
0.530263535119399
0.542196686087321
0.270062003651871
0.319549447395902
0.558689585056923
0.552784226905661
0.354203397671006
0.678004832022166
0.660965388592395
0.400194141807978
0.763125201364538
0.422690567860341
