0.306497190124686
0.291869898226907
0.335668278249562
0.326212203280291
0.305914688048635
0.396726810680269
0.309443267975018
0.376812439675049
0.343635036263255
0.272199566331726
0.456012515746472
0.301393949795439
0.339940922324907
0.491774755774747
0.321288373530952
0.343250929120092
0.377048410210878
0.384778921858555
0.417615933808146
0.395692909896965
0.472985764371571
0.467654463351573
0.537589908274476
0.305414372210719
0.379016629195878
0.439538212309054
0.422888289246621
0.362258950253605
0.442662842937662
0.404691254395816
0.485501802857887
0.396935257550987
0.492263118346377
0.360352744332513
0.609119697019393
0.357059414993243
0.545500452677244
0.389278245418638
0.65320076485402
0.348465367579607
0.522223997653171
0.735452135513817
0.598677384789286
0.388151939475595
0.398335035672329
0.59705016272911
0.585031867509781
0.388989246168369
0.613926250694428
0.436340123339081
0.444174653667902
0.683350569435154
0.68827058437217
0.432481927348816
0.468642568633787
0.700289606953008
0.473843574539578
0.725616853176991
0.538117751140723
0.648592119502337
0.537615497309392
0.694747640117183
0.586598131732126
0.623217368323367
0.629130979740123
0.549701438241765
0.56340543371813
0.559027682761013
0.491846128447941
0.635350162225305
0.545417730592802
0.621373210657516
0.596349201799842
0.598484556417664
0.45863413462665
0.616287598425437
0.486082841293736
0.512040656115643
0.280874967417957
0.32490343242074
0.276819218629339
0.311712125737835
0.332938937388956
0.299755396813248
0.315255780233874
0.286363314326239
0.318193173824174
0.329230110004604
0.338791567262635
0.39527538852317
0.438491889592407
0.403141831011546
0.471188207856298
0.449604227522179
0.403073286627605
0.436755005503517
0.541884177223087
0.336132302290923
0.332455258529827
0.451645243487054
0.315304249446008
0.296480061639699
0.302870791533488
0.336471376510695
0.39048216077988
0.315978119285986
0.337684161984885
0.39079851574763
0.352552790019785
0.351336777516782
0.479644875476914
0.334083059127907
0.389921167830091
0.477679851268277
0.329484737313202
0.353260718179317
0.61890007382516
0.425337706900512
0.369703561948574
0.494196167273784
0.383799025951351
0.337772768113727
0.428807243334034
0.465001419964579
0.454598642827184
0.395604586843331
0.525595719977695
0.507902646829788
0.411836028604848
0.404238705202721
0.298242733954686
0.355141566955245
0.302794138590553
0.329643049437478
0.340715347771721
0.3142549905281
0.360413232561706
0.344220740864064
0.403332724410098
0.301646843920682
0.502020172496499
0.478249270563933
0.523450940892094
0.341857294727089
0.483194983974624
0.311243387138416
0.543459761296143
0.534054232074087
0.509869820724406
0.326207162314882
0.526448494364609
0.319817089064785
0.467846294915162
0.368207331595929
0.503642398638894
0.482347912267898
0.415195012479232
0.48755737788981
0.527731257631995
0.558273257881135
0.510457414242377
0.595435289226569
0.329607658928443
0.525020551062956
0.331518805105377
0.624773502168438
0.290624222212696
0.652490974695399
0.315018875117798
0.66765714924811
0.648936364330679
0.332242182281845
0.831264194285661
0.748202838702958
0.263426083054724
0.326468719605304
0.692981079252002
0.329665260743477
0.678666765555458
0.383525383680029
0.294604429395835
0.365063837940144
0.319980873719969
0.333123922920467
0.410936935362743
0.349871039848396
0.341386639524569
0.321275016131842
0.488155123491087
0.299019184438059
0.493771526195296
0.394764499305928
0.348352658930914
0.395260531021291
0.573348471466168
0.427936898029003
0.491382670797783
0.472704921025894
0.470096989039918
0.50135769441405
0.412302308132261
0.479819134231288
0.393543418459306
0.514946217125791
0.453437974940673
0.53358237116085
0.344408046914207
0.329903592838964
0.325824023876818
0.534862471529676
0.619711662561619
0.429929358640129
0.417174089882081
0.476637188752559
0.306789171546173
0.289390896668428
0.297124951071453
0.292492375386358
0.270016636332667
0.362011307955886
0.339588845648178
0.369746576651814
0.346919838947805
0.361692108094188
0.406188886506605
0.27823589000079
0.348741565733139
0.360631941901547
