0.297683479999426
0.315377432313034
0.327787927383573
0.339023554563915
0.391702642931658
0.424216314548396
0.433992289689342
0.484470773116006
0.513117598395758
0.472898220430501
0.405101934726095
0.556512988989314
0.323144560505319
0.440427548412704
0.332989411381562
0.396232885618703
0.39465671879466
0.456813944863736
0.383995870459824
0.347010446561347
0.310732517014674
0.353294072349617
0.298431107421658
0.311598213530777
0.334609014296141
0.381763847909628
0.447298622217583
0.442553550555375
0.379851871324701
0.535079745318118
0.553623869469194
0.5000461550745
0.500134334522325
0.322306095521792
0.672016851495642
0.373921255764748
0.319899821363745
0.374231149106802
0.377076011454903
0.393341836853494
0.424584262537178
0.495321643834061
0.366474310556672
0.346374396054028
0.560115802763518
0.35631701340177
0.37143216432699
0.333150373970724
0.453975473729197
0.362885240263034
0.409850398912007
0.367604369482714
0.465779045043785
0.414509431925351
0.531050105682231
0.427974843629552
0.559912318648577
0.47549110477151
0.62705732399853
0.520163789561073
0.621892626201477
0.638305850441129
0.644403053198876
0.57268274839956
0.627908735164423
0.622854933342801
0.646881240692828
0.648730210935961
0.652177490500323
0.645997998019431
0.737656966350773
0.760581557664791
0.588606107293749
0.851605525942405
0.653781936373532
0.702106037590251
0.659242616968855
0.666342464029742
0.577689364299667
0.636189152075827
0.664736190634054
0.593979688160815
0.509874321465298
0.727211250393457
0.614507356239129
0.530413772957687
0.649227783217245
0.632009776196113
0.669807861496643
0.628670794706395
0.539658798475709
0.518073873142973
0.419632995160438
0.394932027441504
0.514339580220431
0.471473766204981
0.322910740686036
0.53910884917427
0.51931693415696
0.340721954307612
0.613634001121682
0.387791178761948
0.407252818580721
0.415710315975597
0.674037368352018
0.450017022663353
0.482955313776478
0.520933508209439
0.512123301916209
0.478554376386285
0.477388959790622
0.494000014837529
0.452801996881277
0.596454543547042
0.513032086320552
0.579006956380574
0.616517735156918
0.540112692633461
0.535796590857548
0.620624585902416
0.577910368638069
0.695389788803978
0.502277058467536
0.651624340914052
0.502989440726809
0.509196907458128
0.525847990547028
0.580240949374308
0.497265774285104
0.505657538522015
0.552986417074421
0.509134610098069
0.559796876113193
0.587628993457884
0.535192666825434
0.503040912650367
0.339490623186242
0.556053479048281
0.671534835415649
0.57637028196446
0.316591508849766
0.290072414229363
0.5907682318937
0.593953426842206
0.396620478963876
0.523506840671579
0.43464421150598
0.481517602444668
0.669953662760586
0.620287132165743
0.717769980916933
0.543254316183051
0.567084821159876
0.585123503872075
0.564006242456618
0.506941667866323
0.511298039817826
0.43706250847359
0.48511711374809
0.520626622336811
0.502764698507876
0.40406934405671
0.586218559723901
0.415933227783878
0.65509640034665
0.48210399142313
0.590227240577174
0.478182162501429
0.575161771218228
0.520107356370914
0.741295352169985
0.572546427023203
0.455811014367432
0.40579803396918
0.525568241321087
0.485195958758055
0.528439999652335
0.478689772784189
0.303357080092236
0.523476009923865
0.608867224864614
0.600271290533462
0.739806750823546
0.335812825297037
0.62363192527619
0.667122226315979
0.300039530504642
0.377656371305878
0.640531381427265
0.412662797443185
0.582860293689626
0.658887760664406
0.426564280915462
0.269025575366078
0.716941087556245
0.737492483398348
0.583445862017258
0.46284157727156
0.273802857359961
0.35991963802528
0.294132181730355
0.304151863812759
0.307528469776335
0.316363369119939
0.456983482881514
0.457266007955848
0.44228094614143
0.320526009007004
0.628756415424125
0.287175163862559
0.626035898238561
0.521138242832571
0.304574927784735
0.373936250344938
0.344397149746236
0.647109966638935
0.536446970466729
0.386512446202255
0.371632274518836
0.421993726294049
0.337692858996759
0.409542143394052
0.45589788379724
0.384633419486146
0.491791378655345
0.508032938337218
0.324851047745975
0.569347408300914
0.319554419957431
0.345425770554707
0.627926164942791
0.6610867681883
0.410264629342505
0.678799953640434
0.269886205659954
0.361506282428778
0.651373671760718
0.307286751875319
0.635122458866714
0.666038008699777
0.376960684170973
0.295184126965118
0.473104397363361
