0.285888003408557
0.306443129968265
0.302588859196945
0.275664492424899
0.327368758556746
0.342244937903271
0.314667702713461
0.359106439981208
0.30669056295711
0.335002897412159
0.30450090793606
0.271928834015421
0.304734266052119
0.354376650866896
0.292171149722669
0.326143307328665
0.298654011181609
0.399066028235507
0.37467503629351
0.329723891600536
0.300733943738067
0.329949385849089
0.308299283534389
0.333622395502645
0.30492898036693
0.363128413384892
0.258160256739329
0.325652886999597
0.291966101090162
0.306803561066268
0.312636061157695
0.325217463645374
0.402253143789751
0.302227670031441
0.371945486908295
0.351315775256038
0.329607719671582
0.318845707758459
0.375944695664297
0.435709090545674
0.445401764280511
0.35223807795653
0.49142991487083
0.456957480794181
0.365686895784278
0.354967748384485
0.281482604227755
0.313642843655431
0.33550850926984
0.333064335509683
0.282514704855397
0.290366906528125
0.413297287935497
0.336214039375088
0.397931300132916
0.361334861038908
0.35667751592217
0.455736049771549
0.426531140915032
0.470378489011027
0.481869750399571
0.515508268103796
0.477350676688697
0.592810897287671
0.580678437871287
0.341491014988667
0.333690422872484
0.310655139011865
0.363403046925666
0.35275504047549
0.299027551281342
0.30612168438073
0.324960346310057
0.339323759956857
0.402482449744456
0.37026807804258
0.378585572903595
0.433394093478774
0.371799522014534
0.369928563803952
0.438168706470061
0.376503292477349
0.398879815371338
0.484193723403714
0.454269032475803
0.367052855220907
0.424122618221944
0.282717023359802
0.503160744224963
0.301124196449381
0.552793564585206
0.348810217639902
0.644235412585242
0.376990878861569
0.572091787644139
0.496267456477506
0.613933049464714
0.347277364518354
0.34517264669328
0.576491096228264
0.513944751569534
0.38168040155548
0.708056850255042
0.408301285712575
0.414009005590869
0.725888511132163
0.685832605361263
0.438907883216231
0.549321991543373
0.51986897819666
0.577976320153953
0.536203865668093
0.379426512384289
0.382680202264179
0.610965146817174
0.5819339227633
0.474162991411233
0.647741070029094
0.484660576114771
0.480618789878358
0.658852266155049
0.612752656387636
0.447113772598365
0.490815583269003
0.618071414837971
0.494516741197399
0.507839908223977
0.53238573761677
0.543231012992261
0.584444727264707
0.35633697800403
0.421530531654251
0.595913322274549
0.565623582629248
0.362534330330687
0.486998545019165
0.626254289981636
0.590662681701517
0.419202257940442
0.501103568608844
0.519452007554765
0.458429746764406
0.32964908580175
0.47766009819171
0.33640935092723
0.568707174348196
0.489946949884432
0.332106172200122
0.531667750550621
0.342852587167734
0.312725106318782
0.561910728618711
0.611568288974254
0.565906235307388
0.332100883237239
0.629708300507954
0.608949745607103
0.279000940303712
0.598044369240712
0.367280763731215
0.682072477474183
0.616920787237847
0.640415068605239
0.296977049301428
0.297368524552832
0.722384809328366
0.679111784679484
0.630085119023967
0.395237172536656
0.321562516692616
0.735037640789908
0.296163268597252
0.726653888440802
0.648962865451084
0.293872364843481
0.359143877422514
0.771949451130137
0.410782799940849
0.426387454058681
0.786311146298119
0.469822490425751
0.46227991955577
0.563723917327529
0.463456765339247
0.524569378418664
0.473061357537834
0.365251547459228
0.319852497642343
0.388706607792892
0.393476023528719
0.348581859425576
0.365911915781581
0.347279653905923
0.297857960703958
0.324642650974695
0.296499784894388
0.330682432186524
0.344377071290113
0.46234356164981
0.455202172075206
0.522183774545647
0.51686530122943
0.586518606857688
0.60606221958186
0.520385146864564
0.699672160757148
0.770866166561191
0.770221569438954
0.840230865635688
0.586952641512934
0.668682772338666
0.341974593681766
0.798686202195084
0.298392279067535
0.334671686519201
0.827074066040538
0.665493167155063
0.293241036878333
0.758218666098381
0.37586164587109
0.313380460853715
0.754686879814658
0.724507451510577
0.321977422142927
0.347896623456592
0.48488509995634
0.347165358109107
0.448815157269618
0.336825575560516
