0.273385328338939
0.27664764705865
0.328643015001577
0.315508008750575
0.328912408472637
0.302254469717248
0.312880136429833
0.304771085683837
0.311363533076992
0.391256851062156
0.282206967812345
0.387464010724912
0.354594118437167
0.380319876468102
0.268557551677003
0.364283252245376
0.465615668064834
0.407600840367348
0.33453667186974
0.360131741138421
0.400791674074887
0.443863517219953
0.449126313501437
0.385788720189387
0.338165152020584
0.381950668370275
0.395334354272185
0.450547255974669
0.305525293090496
0.372832955465115
0.32956727788451
0.350644016037549
0.363894767864033
0.345690027625134
0.349126542794677
0.395630807393486
0.439757025495426
0.306297442822085
0.516268896066464
0.481855600983591
0.639954930784939
0.293459870512139
0.402944580484563
0.351017645523102
0.339773632403947
0.378427449382785
0.304654438746856
0.4321987632067
0.358312192380044
0.359145827515321
0.334704703489986
0.274742851039998
0.40646130172742
0.368479210711607
0.505849044780122
0.396555040983769
0.499607317739639
0.310205472108517
0.346558051618573
0.585211678988562
0.305416692851839
0.609987719772225
0.588688215759468
0.431906734101672
0.415193601564601
0.441055178628833
0.52584628767908
0.390845848927381
0.523688379333607
0.356523235634194
0.303392623049156
0.638780347705429
0.696949540478733
0.734199250950184
0.266256222662
0.667498560742768
0.306593704922331
0.612812407191105
0.592706434747621
0.627335952706824
0.588464188059831
0.662500310384766
0.329027467593928
0.619671869172159
0.654805661313116
0.744731058023264
0.2796371483458
0.305259662521653
0.763649262011731
0.466922619494656
0.582052307851365
0.33738741366643
0.342641847097553
0.329064273256924
0.404074973103921
0.29167935914166
0.312855928042862
0.352375611367738
0.393536053529446
0.281029771200251
0.391324555784502
0.334536757391144
0.341911031073306
0.424435281070251
0.422697994840378
0.449829821726165
0.29227143828789
0.476858553884043
0.316957690581111
0.340694242725794
0.298288741648655
0.32916223764049
0.371272317845357
0.33451972906392
0.323466193367938
0.273650159170933
0.307216198229979
0.305504437618714
0.338144516387847
0.372406620382424
0.382377595152798
0.328617804301709
0.37555527794829
0.407746737099749
0.499323763662721
0.526793406881429
0.465311769999556
0.496638157489738
0.448756082280646
0.309137882793988
0.374396509596025
0.343343508403162
0.418471903941534
0.411113182663015
0.399918403108249
0.440581898723819
0.531281373200506
0.464417074281594
0.259524849101092
0.542748530742824
0.478212185156599
0.284742591549837
0.350123054522512
0.306251112385525
0.378512096324992
0.374472659335665
0.383705442878201
0.403152651264103
0.365009731287638
0.443718513071865
0.41957201942423
0.481675924048787
0.444374315741267
0.486625866525448
0.444115728896667
0.499793772767438
0.60085656956699
0.547569530511681
0.515821580626765
0.430927997715994
0.529112936551594
0.521757661365696
0.417068042925488
0.506588348170466
0.678849101886867
0.662945840012577
0.49195417298433
0.577978510628587
0.6091625669576
0.508922651392449
0.621163548408805
0.514258689431038
0.601265565080794
0.659675578626774
0.511265834111544
0.733999306933342
0.76510098643973
0.388573691798413
0.653721457682696
0.459675540975277
0.44971835775378
0.573485837924903
0.524406363617347
0.550491249065357
0.490089914726358
0.403590447881012
0.403224868029902
0.666795057516262
0.660745726313704
0.562540895039275
0.342043278468326
0.510344231956326
0.347037072400569
0.299480485900327
0.327503329568717
0.341677515660027
0.330028981189674
0.324273425737706
0.304313816632883
0.415553214111844
0.309867303823285
0.321548734198663
0.293728013201385
0.355272342238825
0.389457142790583
0.27265744738
0.293668444566931
0.276845772369652
0.276476185198579
0.320570824802617
0.324881440919544
0.362784803188028
0.411368518666224
0.449611734127743
0.42238362131906
0.433102588634961
0.347801551673916
0.423936344500758
0.412577798517233
0.348113093490499
0.297155230253196
0.479071241794427
0.419666984556828
